000000000000000
'.'.00000000000
000.00000000000
000.'0000000000
0000'00.'.00000
00'.'00.00'0000
00'00000'0'.000
00'00.0.'00.000
00'.'.'0000.000
000000000000'.0
0000000000000.0
0000000000000.0
0000000000000.0

InitResources:
10
500
0

Path:
-0.8	1.4
0.8	0.9
1.8	1.2
2.75	0.9
3	2
3.95	4
4	4.9
2.15	6
2	7.8
3	7.9
4	8.05
6	8
7.85	7
8	6.1
7.15	5
7	4.1
8	4.1
9.85	5
10	5.8
10.85	6
11	7.8
12.85	9
13	12.5

Waves:
5 Tohvelbug	tohvelbug	200	1.2	1	30	500
5 Limabug	limabug		120	1.7	2	20	500
5 Jellybug	jellybug	350	1	5	40	500