000000000000'.000000
0000000000'.'0000000
0000'.'.'.'000000000
000.0.00000000000000
00'0'000000000000000
00'.0.'.000000000000
0000'000'00000000000
0000000.'00000000000
0000000.000000000000
00000000'.0000000000
0000000000'.00000000
00000000000.00000000
0000000000'.00000000
000000000000'.'00000
0000000000000.000000
0000000000000.000000

InitResources:
5
1200
30

Path:
12.4	0
12	1 
9	2
8	2
7	2
5	2
5	3
4	4
3	3
2	4
2	5
4	6
5	5
7	5
8	6
8	7
7	7
7	8
11	10
11	12
13	13
13	15

Waves:
5 Tohvelbug	tohvelbug	200	1.2	1	30	500
6 Tohvelbug	tohvelbug	200	1.2	1	30	500
7 Tohvelbug	tohvelbug	200	1.2	1	30	500
8 Tohvelbug	tohvelbug	200	1.2	1	30	500